game,difficulty,amplitude,velocity,time,xpos,y_computer,y_human,y_error,trial,x,y,z
juego1,facil,80.0,0.008,22336,700,345,345,0,0,0.8673744797706604,1.7941733598709106,356.5087890625
juego1,facil,80.0,0.008,22352,700,343,345,2,0,0.8673744797706604,1.7941733598709106,356.5087890625
juego1,facil,80.0,0.008,22362,700,342,345,3,0,0.8673744797706604,1.7941733598709106,356.5087890625
juego1,facil,80.0,0.008,22372,700,341,345,4,0,0.8673744797706604,1.7941733598709106,356.5087890625
juego1,facil,80.0,0.008,22382,700,340,345,5,0,0.8673744797706604,1.7941733598709106,356.5087890625
juego1,facil,80.0,0.008,22392,700,338,345,7,0,0.8673744797706604,1.7941733598709106,356.5087890625
juego1,facil,80.0,0.008,22402,700,337,345,8,0,0.8673744797706604,1.7941733598709106,356.5087890625
juego1,facil,80.0,0.008,22412,700,336,345,9,0,0.8673744797706604,1.7941733598709106,356.5087890625
juego1,facil,80.0,0.008,22422,700,335,345,10,0,0.8673744797706604,1.7941733598709106,356.5087890625
juego1,facil,80.0,0.008,22432,700,333,345,12,0,0.8673744797706604,1.7941733598709106,356.5087890625
juego1,facil,80.0,0.008,22442,700,332,345,13,0,0.8673744797706604,1.7941733598709106,356.5087890625
juego1,facil,80.0,0.008,22452,700,331,345,14,0,0.8673744797706604,1.7941733598709106,356.5087890625
juego1,facil,80.0,0.008,22462,700,330,345,15,0,0.8673744797706604,1.7941733598709106,356.5087890625
juego1,facil,80.0,0.008,22472,700,328,345,17,0,0.8673744797706604,1.7941733598709106,356.5087890625
juego1,facil,80.0,0.008,22482,700,327,345,18,0,0.8673744797706604,1.7941733598709106,356.5087890625
juego1,facil,80.0,0.008,22492,700,326,345,19,0,0.8673744797706604,1.7941733598709106,356.5087890625
juego1,facil,80.0,0.008,22502,700,325,345,20,0,0.8673744797706604,1.7941733598709106,356.5087890625
juego1,facil,80.0,0.008,22512,700,323,345,22,0,0.8673744797706604,1.7941733598709106,356.5087890625
juego1,facil,80.0,0.008,22526,700,322,345,23,0,0.8673744797706604,1.7941733598709106,356.5087890625
juego1,facil,80.0,0.008,22536,700,321,345,24,0,0.8673744797706604,1.7941733598709106,356.5087890625
juego1,facil,80.0,0.008,22546,700,320,345,25,0,0.8673744797706604,1.7941733598709106,356.5087890625
juego1,facil,80.0,0.008,22556,700,318,345,27,0,0.8673744797706604,1.7941733598709106,356.5087890625
juego1,facil,80.0,0.008,22566,700,317,345,28,0,0.8673744797706604,1.7941733598709106,356.5087890625
juego1,facil,80.0,0.008,22576,700,316,345,29,0,0.8673744797706604,1.7941733598709106,356.5087890625
juego1,facil,80.0,0.008,22586,700,315,345,30,0,0.8673744797706604,1.7941733598709106,356.5087890625
juego1,facil,80.0,0.008,22596,700,314,345,31,0,0.8673744797706604,1.7941733598709106,356.5087890625
juego1,facil,80.0,0.008,22606,700,312,345,33,0,0.8673744797706604,1.7941733598709106,356.5087890625
juego1,facil,80.0,0.008,22616,700,311,345,34,0,0.8673744797706604,1.7941733598709106,356.5087890625
juego1,facil,80.0,0.008,22626,700,310,345,35,0,0.8673744797706604,1.7941733598709106,356.5087890625
juego1,facil,80.0,0.008,22636,700,309,345,36,0,0.8673744797706604,1.7941733598709106,356.5087890625
juego1,facil,80.0,0.008,22646,700,307,345,38,0,0.8673744797706604,1.7941733598709106,356.5087890625
juego1,facil,80.0,0.008,22656,700,306,345,39,0,0.8673744797706604,1.7941733598709106,356.5087890625
juego1,facil,80.0,0.008,22666,700,305,345,40,0,0.8673744797706604,1.7941733598709106,356.5087890625
juego1,facil,80.0,0.008,22676,700,304,345,41,0,0.8673744797706604,1.7941733598709106,356.5087890625
juego1,facil,80.0,0.008,22686,700,303,345,42,0,0.8673744797706604,1.7941733598709106,356.5087890625
juego1,facil,80.0,0.008,22696,700,301,345,44,0,0.8734678626060486,1.7941733598709106,356.5089111328125
juego1,facil,80.0,0.008,22706,700,300,345,45,0,0.9561604261398315,1.7946410179138184,356.53948974609375
juego1,facil,80.0,0.008,22716,700,300,344,44,0,1.2126784324645996,1.8245350122451782,356.7679138183594
juego1,facil,80.0,0.008,22726,700,299,343,44,0,1.5848417282104492,1.8578803539276123,356.9217224121094
juego1,facil,80.0,0.008,22736,700,298,342,44,0,2.009456157684326,1.842966079711914,356.80859375
juego1,facil,80.0,0.008,22746,700,296,342,46,0,2.1025240421295166,1.8397449254989624,356.506591796875
juego1,facil,80.0,0.008,22756,700,295,342,47,0,2.068815231323242,1.8426955938339233,356.1644592285156
juego1,facil,80.0,0.008,22766,700,294,342,48,0,2.083510637283325,1.855544924736023,355.9114074707031
juego1,facil,80.0,0.008,22776,700,293,342,49,0,2.1697447299957275,1.9082998037338257,355.7223815917969
juego1,facil,80.0,0.008,22786,700,292,342,50,0,2.4055681228637695,1.995155692100525,355.5779724121094
juego1,facil,80.0,0.008,22796,700,291,341,50,0,2.66414475440979,1.9991191625595093,355.39593505859375
juego1,facil,80.0,0.008,22806,700,289,340,51,0,2.9633705615997314,2.009511947631836,355.1526794433594
juego1,facil,80.0,0.008,22816,700,288,339,51,0,3.3217525482177734,2.043156385421753,354.9152526855469
juego1,facil,80.0,0.008,22826,700,287,339,52,0,3.6945180892944336,2.080291509628296,354.67108154296875
juego1,facil,80.0,0.008,22836,700,286,338,52,0,4.129914283752441,2.066049098968506,354.4700927734375
juego1,facil,80.0,0.008,22846,700,285,336,51,0,4.669394016265869,2.0609920024871826,354.41387939453125
juego1,facil,80.0,0.008,22856,700,284,335,51,0,5.409667491912842,2.1689040660858154,354.6000061035156
juego1,facil,80.0,0.008,22866,700,282,332,50,0,6.457135200500488,2.279191732406616,354.98492431640625
juego1,facil,80.0,0.008,22876,700,281,329,48,0,7.710655212402344,2.4089372158050537,355.4543762207031
juego1,facil,80.0,0.008,22886,700,280,326,46,0,9.075798988342285,2.422025680541992,355.7781066894531
juego1,facil,80.0,0.008,22896,700,279,323,44,0,10.462535858154297,2.458789348602295,356.02471923828125
juego1,facil,80.0,0.008,22906,700,278,320,42,0,11.743488311767578,2.5078930854797363,356.2159729003906
juego1,facil,80.0,0.008,22916,700,277,317,40,0,12.911064147949219,2.5557169914245605,356.3718566894531
juego1,facil,80.0,0.008,22926,700,276,315,39,0,13.988487243652344,2.6076347827911377,356.49383544921875
juego1,facil,80.0,0.008,22936,700,275,313,38,0,14.99797248840332,2.6555843353271484,356.57733154296875
juego1,facil,80.0,0.008,22946,700,273,310,37,0,15.95076847076416,2.703275203704834,356.61865234375
juego1,facil,80.0,0.008,22956,700,272,308,36,0,16.857160568237305,2.7555150985717773,356.5965270996094
juego1,facil,80.0,0.008,22966,700,271,306,35,0,17.77447509765625,2.7838656902313232,356.53594970703125
juego1,facil,80.0,0.008,22976,700,270,304,34,0,18.683609008789062,2.812429189682007,356.4567565917969
juego1,facil,80.0,0.008,22986,700,269,302,33,0,19.641164779663086,2.7771973609924316,356.4515075683594
juego1,facil,80.0,0.008,22996,700,268,300,32,0,20.68385887145996,2.7557575702667236,356.620849609375
juego1,facil,80.0,0.008,23006,700,267,298,31,0,21.78786277770996,2.733992338180542,356.8630676269531
juego1,facil,80.0,0.008,23016,700,266,296,30,0,22.85755729675293,2.7310287952423096,357.0989074707031
juego1,facil,80.0,0.008,23026,700,265,293,28,0,23.826326370239258,2.7137765884399414,357.2705383300781
juego1,facil,80.0,0.008,23036,700,264,291,27,0,24.66002655029297,2.635218858718872,357.3925476074219
juego1,facil,80.0,0.008,23046,700,263,290,27,0,25.2933292388916,2.617304801940918,357.44921875
juego1,facil,80.0,0.008,23056,700,262,289,27,0,25.828147888183594,2.6548447608947754,357.4940185546875
juego1,facil,80.0,0.008,23066,700,261,288,27,0,26.35114860534668,2.6526994705200195,357.6351013183594
juego1,facil,80.0,0.008,23076,700,259,286,27,0,26.896055221557617,2.655555009841919,357.77069091796875
juego1,facil,80.0,0.008,23086,700,258,285,27,0,27.428768157958984,2.6516308784484863,357.8514404296875
juego1,facil,80.0,0.008,23096,700,257,284,27,0,27.898292541503906,2.6390697956085205,357.88006591796875
juego1,facil,80.0,0.008,23106,700,256,283,27,0,28.276302337646484,2.610199213027954,357.8642272949219
juego1,facil,80.0,0.008,23116,700,255,282,27,0,28.581544876098633,2.564208745956421,357.8313293457031
juego1,facil,80.0,0.008,23126,700,254,282,28,0,28.915029525756836,2.533212184906006,357.8324890136719
juego1,facil,80.0,0.008,23136,700,253,281,28,0,29.32938575744629,2.5132861137390137,357.88031005859375
juego1,facil,80.0,0.008,23146,700,252,280,28,0,29.729537963867188,2.484119415283203,357.95037841796875
juego1,facil,80.0,0.008,23156,700,251,279,28,0,30.153972625732422,2.455183744430542,358.0056457519531
juego1,facil,80.0,0.008,23166,700,250,278,28,0,30.57775115966797,2.4194531440734863,358.0027770996094
juego1,facil,80.0,0.008,23176,700,249,277,28,0,31.05322265625,2.3759915828704834,357.9285583496094
juego1,facil,80.0,0.008,23186,700,248,276,28,0,31.518545150756836,2.2960681915283203,357.85064697265625
juego1,facil,80.0,0.008,23196,700,247,275,28,0,32.003780364990234,2.188345432281494,357.8302001953125
juego1,facil,80.0,0.008,23206,700,246,274,28,0,32.481597900390625,2.1054775714874268,357.81842041015625
juego1,facil,80.0,0.008,23218,700,245,273,28,0,32.91621780395508,2.032777786254883,357.770263671875
juego1,facil,80.0,0.008,23228,700,245,272,27,0,33.218505859375,1.9722663164138794,357.7141418457031
juego1,facil,80.0,0.008,23238,700,244,271,27,0,33.61700439453125,1.9500806331634521,357.6812744140625
juego1,facil,80.0,0.008,23248,700,243,270,27,0,34.09371566772461,1.8821208477020264,357.759765625
juego1,facil,80.0,0.008,23258,700,242,269,27,0,34.590755462646484,1.792675495147705,357.81011962890625
juego1,facil,80.0,0.008,23268,700,241,267,26,0,35.136722564697266,1.7536206245422363,357.8760681152344
juego1,facil,80.0,0.008,23278,700,240,266,26,0,35.67751693725586,1.6571532487869263,357.9354553222656
juego1,facil,80.0,0.008,23288,700,239,265,26,0,36.252479553222656,1.5341414213180542,357.9854736328125
juego1,facil,80.0,0.008,23298,700,238,263,25,0,36.9385871887207,1.3515775203704834,358.1014404296875
juego1,facil,80.0,0.008,23308,700,237,262,25,0,37.71559524536133,1.200434923171997,358.2428283691406
juego1,facil,80.0,0.008,23318,700,236,259,23,0,38.619781494140625,1.1063779592514038,358.45050048828125
juego1,facil,80.0,0.008,23328,700,235,257,22,0,39.6016960144043,1.0503937005996704,358.7398681640625
juego1,facil,80.0,0.008,23338,700,234,255,21,0,40.52228927612305,1.0131146907806396,358.99676513671875
juego1,facil,80.0,0.008,23348,700,234,253,19,0,41.301448822021484,0.9316834807395935,359.16888427734375
juego1,facil,80.0,0.008,23358,700,233,252,19,0,41.98378372192383,0.8348972201347351,359.2992858886719
juego1,facil,80.0,0.008,23368,700,232,250,18,0,42.64198684692383,0.7705051898956299,359.4365539550781
juego1,facil,80.0,0.008,23378,700,231,249,18,0,43.31367492675781,0.7427375912666321,359.59344482421875
juego1,facil,80.0,0.008,23388,700,230,247,17,0,43.97792053222656,0.7680602669715881,359.7793884277344
juego1,facil,80.0,0.008,23398,700,229,246,17,0,44.58230209350586,0.8471448421478271,359.9806823730469
juego1,facil,80.0,0.008,23408,700,229,245,16,0,45.103885650634766,0.933850109577179,360.1966481655836
juego1,facil,80.0,0.008,23418,700,228,243,15,0,45.5882453918457,1.0079758167266846,360.42839500308037
juego1,facil,80.0,0.008,23428,700,227,242,15,0,46.159339904785156,1.0833650827407837,360.71137088537216
juego1,facil,80.0,0.008,23438,700,226,240,14,0,46.891448974609375,1.1749341487884521,361.0850336551666
juego1,facil,80.0,0.008,23448,700,225,238,13,0,47.76412582397461,1.2748841047286987,361.5686571598053
juego1,facil,80.0,0.008,23458,700,224,236,12,0,48.68516159057617,1.3701527118682861,362.12587451934814
juego1,facil,80.0,0.008,23476,700,224,235,11,0,49.45392990112305,1.458383560180664,362.58467078208923
juego1,facil,80.0,0.008,23486,700,223,233,10,0,50.016902923583984,1.5146180391311646,362.91690158843994
juego1,facil,80.0,0.008,23496,700,222,232,10,0,50.427040100097656,1.5537264347076416,363.17073607444763
juego1,facil,80.0,0.008,23506,700,221,232,11,0,50.73891067504883,1.5837782621383667,363.3689911365509
juego1,facil,80.0,0.008,23516,700,221,231,10,0,50.97779083251953,1.6000272035598755,363.50993514060974
juego1,facil,80.0,0.008,23526,700,220,231,11,0,51.23318099975586,1.6116966009140015,363.6611261367798
juego1,facil,80.0,0.008,23536,700,219,230,11,0,51.4360466003418,1.5872714519500732,363.8200855255127
juego1,facil,80.0,0.008,23546,700,218,230,12,0,51.65479278564453,1.5533350706100464,363.98522305488586
juego1,facil,80.0,0.008,23556,700,218,229,11,0,51.93349075317383,1.493817687034607,364.19486141204834
juego1,facil,80.0,0.008,23566,700,217,228,11,0,52.2446174621582,1.436489224433899,364.42831230163574
juego1,facil,80.0,0.008,23576,700,216,227,11,0,52.592613220214844,1.4097692966461182,364.69162464141846
juego1,facil,80.0,0.008,23586,700,216,227,11,0,52.97452163696289,1.431312084197998,364.96148586273193
juego1,facil,80.0,0.008,23596,700,215,226,11,0,53.31096267700195,1.4815270900726318,365.1784038543701
juego1,facil,80.0,0.008,23606,700,214,225,11,0,53.636558532714844,1.4369782209396362,365.36596727371216
juego1,facil,80.0,0.008,23616,700,214,224,10,0,53.898109436035156,1.4146922826766968,365.51727294921875
juego1,facil,80.0,0.008,23626,700,213,224,11,0,54.13947296142578,1.43899667263031,365.6205143928528
juego1,facil,80.0,0.008,23636,700,212,223,11,0,54.42667770385742,1.4643577337265015,365.6969590187073
juego1,facil,80.0,0.008,23646,700,212,223,11,0,54.66503143310547,1.48991060256958,365.7593307495117
juego1,facil,80.0,0.008,23656,700,211,222,11,0,54.88395690917969,1.5225903987884521,365.7828793525696
juego1,facil,80.0,0.008,23666,700,210,222,12,0,55.108089447021484,1.5671980381011963,365.7872576713562
juego1,facil,80.0,0.008,23676,700,210,221,11,0,55.39795684814453,1.628293752670288,365.8050208091736
juego1,facil,80.0,0.008,23686,700,209,220,11,0,55.74706268310547,1.7075873613357544,365.8227834701538
juego1,facil,80.0,0.008,23696,700,209,219,10,0,56.14543914794922,1.7912209033966064,365.82099962234497
juego1,facil,80.0,0.008,23706,700,208,218,10,0,56.4720458984375,1.8690946102142334,365.80977630615234
juego1,facil,80.0,0.008,23716,700,207,218,11,0,56.7053337097168,1.9460041522979736,365.7972135543823
juego1,facil,80.0,0.008,23726,700,207,218,11,0,56.84974670410156,2.0133697986602783,365.77294969558716
juego1,facil,80.0,0.008,23736,700,206,217,11,0,56.94732666015625,2.057037353515625,365.731831073761
juego1,facil,80.0,0.008,23746,700,206,217,11,0,57.06670379638672,2.096257448196411,365.6954855918884
juego1,facil,80.0,0.008,23756,700,205,217,12,0,57.140846252441406,2.1215693950653076,365.67760944366455
juego1,facil,80.0,0.008,23766,700,205,217,12,0,57.20599365234375,2.109126091003418,365.670512676239
juego1,facil,80.0,0.008,23776,700,204,217,13,0,57.169227600097656,2.104081630706787,365.6083526611328
juego1,facil,80.0,0.008,23786,700,203,217,14,0,57.06804656982422,2.0874741077423096,365.4969449043274
juego1,facil,80.0,0.008,23796,700,203,217,14,0,56.977027893066406,2.057586669921875,365.3799285888672
juego1,facil,80.0,0.008,23806,700,202,217,15,0,56.93917465209961,1.9932326078414917,365.2797360420227
juego1,facil,80.0,0.008,23816,700,202,217,15,0,56.91535568237305,1.9236654043197632,365.21564865112305
juego1,facil,80.0,0.008,23826,700,202,218,16,0,56.90214157104492,1.8737093210220337,365.1754398345947
juego1,facil,80.0,0.008,23836,700,201,217,16,0,56.96646499633789,1.8021907806396484,365.19374084472656
juego1,facil,80.0,0.008,23846,700,201,217,16,0,57.00969314575195,1.7747238874435425,365.20169734954834
juego1,facil,80.0,0.008,23856,700,200,217,17,0,57.06258773803711,1.7950741052627563,365.19770765304565
juego1,facil,80.0,0.008,23866,700,200,217,17,0,57.15159606933594,1.8089746236801147,365.1852493286133
juego1,facil,80.0,0.008,23876,700,199,217,18,0,57.30955123901367,1.7585475444793701,365.16268157958984
juego1,facil,80.0,0.008,23886,700,199,216,17,0,57.56601333618164,1.5968936681747437,365.18608379364014
juego1,facil,80.0,0.008,23896,700,198,216,18,0,57.75422286987305,1.5171304941177368,365.1868009567261
juego1,facil,80.0,0.008,23906,700,198,215,17,0,57.89096450805664,1.46796452999115,365.16675090789795
juego1,facil,80.0,0.008,23916,700,198,215,17,0,57.99042510986328,1.4105838537216187,365.14130878448486
juego1,facil,80.0,0.008,23929,700,197,215,18,0,58.09983825683594,1.3357491493225098,365.1223683357239
juego1,facil,80.0,0.008,23939,700,197,214,17,0,58.262874603271484,1.2537972927093506,365.12577295303345
juego1,facil,80.0,0.008,23949,700,196,214,18,0,58.492462158203125,1.1820752620697021,365.1699929237366
juego1,facil,80.0,0.008,23959,700,196,213,17,0,58.665985107421875,1.1553254127502441,365.2302031517029
juego1,facil,80.0,0.008,23969,700,196,213,17,0,58.81614685058594,1.1724647283554077,365.2845573425293
juego1,facil,80.0,0.008,23979,700,195,212,17,0,59.12002182006836,1.0770288705825806,365.35829067230225
juego1,facil,80.0,0.008,23989,700,195,212,17,0,59.432193756103516,0.9465179443359375,365.38868284225464
juego1,facil,80.0,0.008,23999,700,195,211,16,0,59.671199798583984,0.8462084531784058,365.37072134017944
juego1,facil,80.0,0.008,24009,700,194,211,17,0,59.85004425048828,0.7772108912467957,365.35564851760864
juego1,facil,80.0,0.008,24019,700,194,210,16,0,60.075439453125,0.7082206606864929,365.35994148254395
juego1,facil,80.0,0.008,24029,700,194,210,16,0,60.30955505371094,0.6295028328895569,365.37414741516113
juego1,facil,80.0,0.008,24039,700,193,209,16,0,60.460914611816406,0.579995334148407,365.3468461036682
juego1,facil,80.0,0.008,24049,700,193,209,16,0,60.575557708740234,0.5409183502197266,365.3067650794983
juego1,facil,80.0,0.008,24059,700,193,209,16,0,60.671905517578125,0.508262038230896,365.2762975692749
juego1,facil,80.0,0.008,24069,700,193,208,15,0,60.86629104614258,0.4799574613571167,365.2967891693115
juego1,facil,80.0,0.008,24079,700,192,208,16,0,61.07019805908203,0.43191051483154297,365.3483099937439
juego1,facil,80.0,0.008,24089,700,192,208,16,0,61.1732177734375,0.41044721007347107,365.3260426521301
juego1,facil,80.0,0.008,24099,700,192,208,16,0,61.2469367980957,0.38592788577079773,365.245644569397
juego1,facil,80.0,0.008,24109,700,192,207,15,0,61.37803268432617,0.33280375599861145,365.15701055526733
juego1,facil,80.0,0.008,24119,700,192,207,15,0,61.5809440612793,0.2544572353363037,365.099928855896
juego1,facil,80.0,0.008,24129,700,191,207,16,0,61.649139404296875,0.20460595190525055,364.98646545410156
juego1,facil,80.0,0.008,24139,700,191,207,16,0,61.697715759277344,0.19409146904945374,364.92930269241333
juego1,facil,80.0,0.008,24149,700,191,206,15,0,61.86644744873047,0.19250455498695374,364.966965675354
juego1,facil,80.0,0.008,24159,700,191,206,15,0,61.94525146484375,0.18793492019176483,364.9788646697998
juego1,facil,80.0,0.008,24169,700,191,206,15,0,61.981021881103516,0.2159820944070816,364.97221660614014
juego1,facil,80.0,0.008,24179,700,191,206,15,0,62.024017333984375,0.23224425315856934,364.9860453605652
juego1,facil,80.0,0.008,24189,700,190,206,16,0,62.11927795410156,0.2320764809846878,365.01626777648926
juego1,facil,80.0,0.008,24199,700,190,205,15,0,62.3372917175293,0.2089480459690094,365.10907220840454
juego1,facil,80.0,0.008,24209,700,190,205,15,0,62.50088119506836,0.18991439044475555,365.17555236816406
juego1,facil,80.0,0.008,24219,700,190,204,14,0,62.612369537353516,0.17725588381290436,365.2190155982971
juego1,facil,80.0,0.008,24229,700,190,204,14,0,62.67010498046875,0.15994815528392792,365.2357654571533
juego1,facil,80.0,0.008,24239,700,190,204,14,0,62.68428421020508,0.15009580552577972,365.23854207992554
juego1,facil,80.0,0.008,24249,700,190,204,14,0,62.76065444946289,0.1391931027173996,365.277606010437
juego1,facil,80.0,0.008,24259,700,190,204,14,0,62.87675094604492,0.10601354390382767,365.3306827545166
juego1,facil,80.0,0.008,24269,700,190,204,14,0,62.932186126708984,0.09020060300827026,365.3417778015137
juego1,facil,80.0,0.008,24279,700,190,203,13,0,63.01614761352539,0.0889696553349495,365.3739438056946
juego1,facil,80.0,0.008,24289,700,190,203,13,0,63.17033386230469,0.04556814953684807,365.4258360862732
juego1,facil,80.0,0.008,24299,700,190,203,13,0,63.347145080566406,0.0052671306766569614,365.4875020980835
juego1,facil,80.0,0.008,24309,700,190,202,12,0,63.510498046875,0.0026253480464220047,365.52822828292847
juego1,facil,80.0,0.008,24319,700,190,202,12,0,63.62428665161133,-0.005063293036073446,365.5332999229431
juego1,facil,80.0,0.008,24329,700,190,202,12,0,63.718624114990234,-0.005764026194810867,365.5754065513611
juego1,facil,80.0,0.008,24339,700,190,202,12,0,63.871116638183594,0.03675316646695137,365.6574282646179
juego1,facil,80.0,0.008,24349,700,190,201,11,0,64.0637435913086,0.06136911362409592,365.73600912094116
juego1,facil,80.0,0.008,24359,700,190,201,11,0,64.1623764038086,0.0497911162674427,365.80072927474976
juego1,facil,80.0,0.008,24369,700,190,201,11,0,64.1704330444336,0.0998341292142868,365.8106904029846
juego1,facil,80.0,0.008,24379,700,190,201,11,0,64.1741943359375,0.1457686573266983,365.81270694732666
juego1,facil,80.0,0.008,24389,700,190,201,11,0,64.15039825439453,0.163174569606781,365.78568840026855
juego1,facil,80.0,0.008,24399,700,190,201,11,0,64.08271789550781,0.16673845052719116,365.72006130218506
juego1,facil,80.0,0.008,24409,700,190,201,11,0,64.009033203125,0.15182530879974365,365.65126514434814
juego1,facil,80.0,0.008,24419,700,190,201,11,0,63.95145797729492,0.13199898600578308,365.61114168167114
juego1,facil,80.0,0.008,24429,700,190,201,11,0,63.88481903076172,0.11276410520076752,365.56837034225464
juego1,facil,80.0,0.008,24439,700,190,202,12,0,63.81644058227539,0.09392155706882477,365.5214743614197
juego1,facil,80.0,0.008,24449,700,190,202,12,0,63.74186706542969,0.07943153381347656,365.4792881011963
juego1,facil,80.0,0.008,24459,700,190,202,12,0,63.65498352050781,0.07353430986404419,365.4425435066223
juego1,facil,80.0,0.008,24469,700,191,202,11,0,63.56878662109375,0.07338916510343552,365.4038963317871
juego1,facil,80.0,0.008,24479,700,191,202,11,0,63.49046325683594,0.08007122576236725,365.36565256118774
juego1,facil,80.0,0.008,24489,700,191,203,12,0,63.42080307006836,0.08653107285499573,365.32865381240845
juego1,facil,80.0,0.008,24499,700,191,203,12,0,63.377525329589844,0.09508565813302994,365.29788637161255
juego1,facil,80.0,0.008,24509,700,191,203,12,0,63.31686782836914,0.09412965178489685,365.25274562835693
juego1,facil,80.0,0.008,24519,700,191,203,12,0,63.215030670166016,0.07064878195524216,365.1780695915222
juego1,facil,80.0,0.008,24529,700,192,203,11,0,63.09089279174805,0.031001092866063118,365.0865592956543
juego1,facil,80.0,0.008,24539,700,192,204,12,0,62.947998046875,-0.01937250792980194,364.9788746833801
juego1,facil,80.0,0.008,24549,700,192,204,12,0,62.7840461730957,-0.07822364568710327,364.8591604232788
juego1,facil,80.0,0.008,24559,700,192,204,12,0,62.6264533996582,-0.13716347515583038,364.73753213882446
juego1,facil,80.0,0.008,24569,700,193,205,12,0,62.47782897949219,-0.19253228604793549,364.6280035972595
juego1,facil,80.0,0.008,24579,700,193,205,12,0,62.41238784790039,-0.21791678667068481,364.58094024658203
juego1,facil,80.0,0.008,24589,700,193,205,12,0,62.41238784790039,-0.21791678667068481,364.58094024658203
juego1,facil,80.0,0.008,24599,700,193,205,12,0,62.40261459350586,-0.2179165631532669,364.5809659957886
juego1,facil,80.0,0.008,24609,700,194,205,11,0,62.359859466552734,-0.21871417760849,364.56093168258667
juego1,facil,80.0,0.008,24619,700,194,205,11,0,62.3010368347168,-0.22085699439048767,364.53027534484863
juego1,facil,80.0,0.008,24629,700,194,205,11,0,62.21894454956055,-0.2242782860994339,364.48768615722656
juego1,facil,80.0,0.008,24639,700,194,206,12,0,62.120140075683594,-0.22865834832191467,364.4316916465759
juego1,facil,80.0,0.008,24649,700,195,206,11,0,62.00205993652344,-0.2512171268463135,364.36603116989136
juego1,facil,80.0,0.008,24659,700,195,206,11,0,61.85527801513672,-0.2912054657936096,364.2882056236267
juego1,facil,80.0,0.008,24669,700,195,207,12,0,61.68325424194336,-0.3452618420124054,364.1880078315735
juego1,facil,80.0,0.008,24679,700,196,207,11,0,61.50189208984375,-0.41036272048950195,364.08181142807007
juego1,facil,80.0,0.008,24689,700,196,207,11,0,61.30814743041992,-0.4777812957763672,363.975870847702
juego1,facil,80.0,0.008,24699,700,197,208,11,0,61.07187271118164,-0.5631116032600403,363.8464674949646
juego1,facil,80.0,0.008,24709,700,197,209,12,0,60.7835693359375,-0.6598029732704163,363.6830565929413
juego1,facil,80.0,0.008,24719,700,197,209,12,0,60.49610900878906,-0.7279888987541199,363.5325117111206
juego1,facil,80.0,0.008,24729,700,198,210,12,0,60.27043151855469,-0.76549232006073,363.4316532611847
juego1,facil,80.0,0.008,24739,700,198,210,12,0,60.07365417480469,-0.8008332848548889,363.3518965244293
juego1,facil,80.0,0.008,24750,700,198,211,13,0,59.90830993652344,-0.8274754285812378,363.2913453578949
juego1,facil,80.0,0.008,24760,700,199,211,12,0,59.78298568725586,-0.8501688838005066,363.2663195133209
juego1,facil,80.0,0.008,24770,700,199,211,12,0,59.71656799316406,-0.8550881147384644,363.27258682250977
juego1,facil,80.0,0.008,24780,700,200,211,11,0,59.697906494140625,-0.8444945812225342,363.2998468875885
juego1,facil,80.0,0.008,24790,700,200,211,11,0,59.69011306762695,-0.8223778009414673,363.32666659355164
juego1,facil,80.0,0.008,24800,700,201,211,10,0,59.63686752319336,-0.8160244226455688,363.31862807273865
juego1,facil,80.0,0.008,24810,700,201,211,10,0,59.5501708984375,-0.8235563635826111,363.29436922073364
juego1,facil,80.0,0.008,24820,700,202,212,10,0,59.4718017578125,-0.8301693201065063,363.2728199958801
juego1,facil,80.0,0.008,24830,700,202,212,10,0,59.40800094604492,-0.8381381034851074,363.2565641403198
juego1,facil,80.0,0.008,24840,700,203,212,9,0,59.34003448486328,-0.8465287685394287,363.22885155677795
juego1,facil,80.0,0.008,24850,700,203,212,9,0,59.249977111816406,-0.8666093349456787,363.1774079799652
juego1,facil,80.0,0.008,24860,700,204,212,8,0,59.13827133178711,-0.9016648530960083,363.10674929618835
juego1,facil,80.0,0.008,24870,700,204,213,9,0,59.009765625,-0.9357172846794128,363.0227093696594
juego1,facil,80.0,0.008,24880,700,205,213,8,0,58.87370300292969,-0.9621595740318298,362.9450466632843
juego1,facil,80.0,0.008,24890,700,205,213,8,0,58.7398796081543,-0.9795018434524536,362.8699154853821
juego1,facil,80.0,0.008,24900,700,206,214,8,0,58.598838806152344,-1.0007274150848389,362.78935503959656
juego1,facil,80.0,0.008,24910,700,206,214,8,0,58.43168258666992,-1.025851845741272,362.6892125606537
juego1,facil,80.0,0.008,24920,700,207,214,7,0,58.243675231933594,-1.0580493211746216,362.56917428970337
juego1,facil,80.0,0.008,24930,700,208,215,7,0,58.048583984375,-1.0965768098831177,362.4377326965332
juego1,facil,80.0,0.008,24940,700,208,215,7,0,57.88441467285156,-1.1334228515625,362.33466124534607
juego1,facil,80.0,0.008,24950,700,209,216,7,0,57.75617980957031,-1.1658549308776855,362.27884006500244
juego1,facil,80.0,0.008,24960,700,209,216,7,0,57.62913131713867,-1.1747772693634033,362.24548149108887
juego1,facil,80.0,0.008,24970,700,210,216,6,0,57.483280181884766,-1.1717129945755005,362.2165720462799
juego1,facil,80.0,0.008,24980,700,211,217,6,0,57.313289642333984,-1.1696088314056396,362.18618535995483
juego1,facil,80.0,0.008,24990,700,211,217,6,0,57.1055908203125,-1.1745766401290894,362.1478343009949
juego1,facil,80.0,0.008,25000,700,212,218,6,0,56.86045837402344,-1.1695740222930908,362.10222601890564
juego1,facil,80.0,0.008,25010,700,212,218,6,0,56.59040069580078,-1.1533594131469727,362.0557715892792
juego1,facil,80.0,0.008,25020,700,213,219,6,0,56.309181213378906,-1.1291308403015137,362.0116722583771
juego1,facil,80.0,0.008,25030,700,214,220,6,0,56.00803756713867,-1.1032428741455078,361.97292053699493
juego1,facil,80.0,0.008,25040,700,214,220,6,0,55.66658020019531,-1.0792102813720703,361.93498599529266
juego1,facil,80.0,0.008,25050,700,215,221,6,0,55.27741622924805,-1.0476115942001343,361.90943682193756
juego1,facil,80.0,0.008,25060,700,216,222,6,0,54.778141021728516,-0.9791009426116943,361.8632001876831
juego1,facil,80.0,0.008,25070,700,217,224,7,0,54.07065963745117,-0.835044801235199,361.7013911008835
juego1,facil,80.0,0.008,25080,700,217,226,9,0,53.363609313964844,-0.7361546158790588,361.57099640369415
juego1,facil,80.0,0.008,25090,700,218,227,9,0,52.62501907348633,-0.6643791794776917,361.45937287807465
juego1,facil,80.0,0.008,25100,700,219,229,10,0,51.921531677246094,-0.5440899729728699,361.31663382053375
juego1,facil,80.0,0.008,25110,700,219,231,12,0,51.22034454345703,-0.4553675055503845,361.16796839237213
juego1,facil,80.0,0.008,25120,700,220,232,12,0,50.48142623901367,-0.4172693192958832,360.98127669095993
juego1,facil,80.0,0.008,25131,700,221,234,13,0,49.80832290649414,-0.33363160490989685,360.8438438773155
juego1,facil,80.0,0.008,25141,700,222,235,13,0,49.131813049316406,-0.25028592348098755,360.7211005091667
juego1,facil,80.0,0.008,25151,700,222,237,15,0,48.416927337646484,-0.1808435618877411,360.5545516014099
juego1,facil,80.0,0.008,25167,700,223,239,16,0,47.71142578125,-0.1210450679063797,360.3833387494087
juego1,facil,80.0,0.008,25177,700,224,241,17,0,46.566680908203125,-0.072982557117939,360.14668196439743
juego1,facil,80.0,0.008,25187,700,225,242,17,0,46.12342834472656,-0.06575833261013031,360.05321811139584
juego1,facil,80.0,0.008,25197,700,226,243,17,0,45.72720718383789,-0.03225932642817497,359.9760437011719
juego1,facil,80.0,0.008,25207,700,226,244,18,0,45.337764739990234,-0.0019628580193966627,359.9048156738281
juego1,facil,80.0,0.008,25217,700,227,245,18,0,44.9349250793457,0.015049334615468979,359.8056335449219
juego1,facil,80.0,0.008,25227,700,228,246,18,0,44.53647232055664,0.008178719319403172,359.6995849609375
juego1,facil,80.0,0.008,25237,700,229,247,18,0,44.142459869384766,-0.013633307069540024,359.5872802734375
juego1,facil,80.0,0.008,25247,700,230,248,18,0,43.747154235839844,-0.03168654814362526,359.4649353027344
juego1,facil,80.0,0.008,25257,700,230,249,19,0,43.35801315307617,-0.042637668550014496,359.3494873046875
juego1,facil,80.0,0.008,25267,700,231,249,18,0,42.96997833251953,-0.04648865759372711,359.2322998046875
juego1,facil,80.0,0.008,25277,700,232,250,18,0,42.57526397705078,-0.03558598458766937,359.1067810058594
juego1,facil,80.0,0.008,25287,700,233,251,18,0,42.174339294433594,-0.01843447797000408,358.9830017089844
juego1,facil,80.0,0.008,25297,700,234,252,18,0,41.77898025512695,-0.003879698459059,358.8731689453125
juego1,facil,80.0,0.008,25311,700,235,253,18,0,41.42313766479492,0.01573818549513817,358.7905578613281
juego1,facil,80.0,0.008,25321,700,236,254,18,0,41.08380126953125,0.037045449018478394,358.70428466796875
juego1,facil,80.0,0.008,25331,700,237,255,18,0,40.71826171875,0.03984285891056061,358.5816345214844
juego1,facil,80.0,0.008,25341,700,237,255,18,0,40.34185028076172,0.03505171090364456,358.4356689453125
juego1,facil,80.0,0.008,25351,700,238,256,18,0,39.98173904418945,0.036774031817913055,358.2999267578125
juego1,facil,80.0,0.008,25361,700,239,257,18,0,39.626712799072266,0.043927572667598724,358.1804504394531
juego1,facil,80.0,0.008,25371,700,240,258,18,0,39.25444412231445,0.05477350950241089,358.06829833984375
juego1,facil,80.0,0.008,25381,700,241,259,18,0,38.867652893066406,0.07337182015180588,357.97259521484375
juego1,facil,80.0,0.008,25391,700,242,260,18,0,38.49239730834961,0.0970219150185585,357.90869140625
juego1,facil,80.0,0.008,25401,700,243,261,18,0,38.14118576049805,0.12267806380987167,357.8764953613281
juego1,facil,80.0,0.008,25411,700,244,261,17,0,37.8238410949707,0.15010106563568115,357.8641052246094
juego1,facil,80.0,0.008,25421,700,245,262,17,0,37.553993225097656,0.17670857906341553,357.88922119140625
juego1,facil,80.0,0.008,25439,700,246,262,16,0,37.29630661010742,0.1906961053609848,357.92584228515625
juego1,facil,80.0,0.008,25449,700,247,263,16,0,36.984130859375,0.15517206490039825,357.9235534667969
juego1,facil,80.0,0.008,25459,700,248,264,16,0,36.61090087890625,0.10934366285800934,357.8974914550781
juego1,facil,80.0,0.008,25469,700,249,265,16,0,36.17057418823242,0.07108008861541748,357.84613037109375
juego1,facil,80.0,0.008,25479,700,250,266,16,0,35.705833435058594,0.04216539114713669,357.7707214355469
juego1,facil,80.0,0.008,25489,700,251,267,16,0,35.30594253540039,0.06146836653351784,357.7371520996094
juego1,facil,80.0,0.008,25499,700,252,268,16,0,34.92729187011719,0.06541644036769867,357.7189636230469
juego1,facil,80.0,0.008,25509,700,253,269,16,0,34.54421615600586,0.0696030706167221,357.65985107421875
juego1,facil,80.0,0.008,25519,700,254,270,16,0,34.162506103515625,0.08915796875953674,357.591552734375
juego1,facil,80.0,0.008,25529,700,255,271,16,0,33.73844528198242,0.09735623002052307,357.4976806640625
juego1,facil,80.0,0.008,25539,700,256,272,16,0,33.30586624145508,0.08803125470876694,357.3842468261719
juego1,facil,80.0,0.008,25549,700,257,273,16,0,32.915740966796875,0.07061436027288437,357.28143310546875
juego1,facil,80.0,0.008,25559,700,258,273,15,0,32.54165267944336,0.02390405908226967,357.1756591796875
juego1,facil,80.0,0.008,25569,700,259,274,15,0,32.1760139465332,-0.04533122107386589,357.0600280761719
juego1,facil,80.0,0.008,25579,700,260,275,15,0,31.79135513305664,-0.10190800577402115,356.9534606933594
juego1,facil,80.0,0.008,25589,700,261,276,15,0,31.31687355041504,-0.10523413121700287,356.8332824707031
juego1,facil,80.0,0.008,25599,700,262,277,15,0,30.824129104614258,-0.06765684485435486,356.7302551269531
juego1,facil,80.0,0.008,25609,700,263,279,16,0,30.31192970275879,-0.06952740252017975,356.6524963378906
juego1,facil,80.0,0.008,25619,700,264,280,16,0,29.84856414794922,-0.11412817984819412,356.5669860839844
juego1,facil,80.0,0.008,25629,700,265,281,16,0,29.435209274291992,-0.16021132469177246,356.5014953613281
juego1,facil,80.0,0.008,25639,700,266,281,15,0,29.070180892944336,-0.1938299983739853,356.4617004394531
juego1,facil,80.0,0.008,25649,700,267,282,15,0,28.700801849365234,-0.17316976189613342,356.4381103515625
juego1,facil,80.0,0.008,25659,700,268,283,15,0,28.29585075378418,-0.09321989864110947,356.3647155761719
juego1,facil,80.0,0.008,25669,700,269,284,15,0,27.919111251831055,-0.09588778018951416,356.2855529785156
juego1,facil,80.0,0.008,25679,700,270,285,15,0,27.599170684814453,-0.15908178687095642,356.2249450683594
juego1,facil,80.0,0.008,25689,700,272,285,13,0,27.300251007080078,-0.16829930245876312,356.1302185058594
juego1,facil,80.0,0.008,25699,700,273,286,13,0,26.995285034179688,-0.20262594521045685,356.0292053222656
juego1,facil,80.0,0.008,25709,700,274,287,13,0,26.62255859375,-0.19764181971549988,355.91912841796875
juego1,facil,80.0,0.008,25719,700,275,288,13,0,26.242494583129883,-0.18070687353610992,355.801513671875
juego1,facil,80.0,0.008,25729,700,276,289,13,0,25.901634216308594,359.79759080708027,355.718017578125
juego1,facil,80.0,0.008,25739,700,277,289,12,0,25.59132194519043,359.7968981564045,355.6523742675781
juego1,facil,80.0,0.008,25749,700,278,290,12,0,25.31829833984375,359.84524524211884,355.60626220703125
juego1,facil,80.0,0.008,25759,700,279,290,11,0,25.100313186645508,359.833286896348,355.5784912109375
juego1,facil,80.0,0.008,25769,700,281,291,10,0,24.8945369720459,359.80468168854713,355.5501403808594
juego1,facil,80.0,0.008,25779,700,282,292,10,0,24.615201950073242,359.83084969222546,355.5091857910156
juego1,facil,80.0,0.008,25789,700,283,292,9,0,24.26203727722168,359.8351105302572,355.4659729003906
juego1,facil,80.0,0.008,25799,700,284,293,9,0,23.86980438232422,359.81409418582916,355.4483642578125
juego1,facil,80.0,0.008,25809,700,285,294,9,0,23.42913818359375,359.8443455398083,355.4023132324219
juego1,facil,80.0,0.008,25819,700,286,295,9,0,22.952274322509766,359.88723354786634,355.34283447265625
juego1,facil,80.0,0.008,25829,700,287,297,10,0,22.461421966552734,359.9438873901963,355.2812805175781
juego1,facil,80.0,0.008,25839,700,289,298,9,0,22.00606346130371,360.0373285524547,355.2153015136719
juego1,facil,80.0,0.008,25849,700,290,298,8,0,21.666080474853516,360.06827054172754,355.2179260253906
juego1,facil,80.0,0.008,25859,700,291,299,8,0,21.398109436035156,360.0714069157839,355.226318359375
juego1,facil,80.0,0.008,25869,700,292,300,8,0,21.148481369018555,360.0852756500244,355.2121887207031
juego1,facil,80.0,0.008,25879,700,293,300,7,0,20.906774520874023,360.09220257401466,355.2041015625
juego1,facil,80.0,0.008,25889,700,294,300,6,0,20.683149337768555,360.08812245726585,355.2212219238281
juego1,facil,80.0,0.008,25899,700,296,300,4,0,20.4688663482666,360.08029942959547,355.2563171386719
juego1,facil,80.0,0.008,25909,700,297,301,4,0,20.257495880126953,360.0674964264035,355.3011779785156
juego1,facil,80.0,0.008,25919,700,298,301,3,0,20.043794631958008,360.05729300156236,355.3582763671875
juego1,facil,80.0,0.008,25929,700,299,302,3,0,19.756017684936523,360.0982042476535,355.40521240234375
juego1,facil,80.0,0.008,25939,700,300,303,3,0,19.375709533691406,360.19039791822433,355.4357604980469
juego1,facil,80.0,0.008,25949,700,301,303,2,0,18.979625701904297,360.22558653354645,355.59417724609375
juego1,facil,80.0,0.008,25959,700,302,305,3,0,18.52853012084961,360.27096232771873,355.66558837890625
juego1,facil,80.0,0.008,25969,700,303,306,3,0,18.073028564453125,360.309494137764,355.7015686035156
juego1,facil,80.0,0.008,25979,700,304,306,2,0,17.67978858947754,360.3101876080036,355.7286071777344
juego1,facil,80.0,0.008,25989,700,305,307,2,0,17.404932022094727,360.30927988886833,355.7612609863281
juego1,facil,80.0,0.008,25999,700,307,308,1,0,17.217422485351562,360.27332642674446,355.77740478515625
juego1,facil,80.0,0.008,26009,700,308,308,0,0,17.067468643188477,360.24426098167896,355.7260437011719
juego1,facil,80.0,0.008,26019,700,309,308,-1,0,16.957138061523438,360.2243525981903,355.6849060058594
juego1,facil,80.0,0.008,26029,700,310,308,-2,0,16.87479591369629,360.2055195122957,355.6640625
juego1,facil,80.0,0.008,26039,700,311,308,-3,0,16.800390243530273,360.1860037147999,355.64080810546875
juego1,facil,80.0,0.008,26049,700,313,309,-4,0,16.715011596679688,360.16785445809364,355.611572265625
juego1,facil,80.0,0.008,26059,700,314,309,-5,0,16.630910873413086,360.1501590460539,355.5760192871094
juego1,facil,80.0,0.008,26069,700,315,309,-6,0,16.512191772460938,360.1388087272644,355.5361022949219
juego1,facil,80.0,0.008,26079,700,316,309,-7,0,16.364233016967773,360.1353141963482,355.5012512207031
juego1,facil,80.0,0.008,26089,700,318,310,-8,0,16.183155059814453,360.13324415683746,355.4766845703125
juego1,facil,80.0,0.008,26099,700,319,310,-9,0,15.946878433227539,360.14020632207394,355.4754943847656
juego1,facil,80.0,0.008,26109,700,320,311,-9,0,15.656929016113281,360.18705943226814,355.4983215332031
juego1,facil,80.0,0.008,26119,700,321,312,-9,0,15.335566520690918,360.2012080401182,355.5173034667969
juego1,facil,80.0,0.008,26129,700,322,313,-9,0,15.016197204589844,360.23386822640896,355.5122985839844
juego1,facil,80.0,0.008,26139,700,324,313,-11,0,14.725152015686035,360.2451813966036,355.4867858886719
juego1,facil,80.0,0.008,26149,700,325,314,-11,0,14.47792911529541,360.24688942730427,355.4667053222656
juego1,facil,80.0,0.008,26159,700,326,314,-12,0,14.196023941040039,360.2909006178379,355.4515075683594
juego1,facil,80.0,0.008,26169,700,327,315,-12,0,13.853677749633789,360.3203641176224,355.43865966796875
juego1,facil,80.0,0.008,26179,700,329,316,-13,0,13.503971099853516,360.36106702685356,355.4629821777344
juego1,facil,80.0,0.008,26189,700,330,317,-13,0,13.130423545837402,360.40852931141853,355.4681091308594
juego1,facil,80.0,0.008,26199,700,331,318,-13,0,12.774763107299805,360.46173402667046,355.47198486328125
juego1,facil,80.0,0.008,26209,700,332,319,-13,0,12.425606727600098,360.5378159880638,355.4613952636719
juego1,facil,80.0,0.008,26219,700,334,319,-15,0,12.035735130310059,360.6135739684105,355.45111083984375
juego1,facil,80.0,0.008,26229,700,335,320,-15,0,11.64156723022461,360.7070748806,355.4464111328125
juego1,facil,80.0,0.008,26239,700,336,321,-15,0,11.238418579101562,360.82373267412186,355.4317626953125
juego1,facil,80.0,0.008,26249,700,337,322,-15,0,10.794857025146484,360.93703585863113,355.4271240234375
juego1,facil,80.0,0.008,26259,700,339,323,-16,0,10.30787467956543,361.0140870809555,355.4532165527344
juego1,facil,80.0,0.008,26269,700,340,325,-15,0,9.72779655456543,361.07483983039856,355.4989013671875
juego1,facil,80.0,0.008,26279,700,341,326,-15,0,9.147892951965332,361.1380424499512,355.53253173828125
juego1,facil,80.0,0.008,26289,700,342,327,-15,0,8.572416305541992,361.2196934223175,355.4979248046875
juego1,facil,80.0,0.008,26299,700,344,329,-15,0,8.019631385803223,361.31351375579834,355.40594482421875
juego1,facil,80.0,0.008,26309,700,345,330,-15,0,7.495520114898682,361.4073783159256,355.294677734375
juego1,facil,80.0,0.008,26319,700,345,331,-14,0,6.998587131500244,361.4488925933838,355.19659423828125
juego1,facil,80.0,0.008,26329,700,346,332,-14,0,6.488646507263184,361.4790675640106,355.0831298828125
juego1,facil,80.0,0.008,26339,700,347,333,-14,0,5.983691692352295,361.5195026397705,354.9784851074219
juego1,facil,80.0,0.008,26349,700,347,335,-12,0,5.368030548095703,361.54376339912415,354.8266906738281
juego1,facil,80.0,0.008,26359,700,348,336,-12,0,4.714789867401123,361.56590735912323,354.5765380859375
juego1,facil,80.0,0.008,26369,700,349,338,-11,0,4.07204532623291,361.6102465391159,354.3432312011719
juego1,facil,80.0,0.008,26379,700,349,339,-10,0,3.450718879699707,361.6224454641342,354.1388244628906
juego1,facil,80.0,0.008,26389,700,350,341,-9,0,2.819135904312134,361.6747225522995,353.9136657714844
juego1,facil,80.0,0.008,26399,700,351,342,-9,0,2.1589248180389404,361.73165702819824,353.673095703125
juego1,facil,80.0,0.008,26409,700,351,344,-7,0,1.4358795881271362,361.76538598537445,353.39453125
juego1,facil,80.0,0.008,26419,700,352,346,-6,0,0.6511269807815552,361.81417405605316,353.044677734375
juego1,facil,80.0,0.008,26429,700,353,347,-6,0,-0.11858289688825607,361.8343721628189,352.6501159667969
juego1,facil,80.0,0.008,26439,700,353,349,-4,0,-0.8057140707969666,361.9103664159775,352.2978210449219
juego1,facil,80.0,0.008,26449,700,354,350,-4,0,-1.3940742015838623,362.01102018356323,351.97723388671875
juego1,facil,80.0,0.008,26459,700,355,351,-4,0,-1.9171669483184814,362.0110149383545,351.6723327636719
juego1,facil,80.0,0.008,26469,700,355,353,-2,0,-2.484149694442749,362.1301050186157,351.4217224121094
juego1,facil,80.0,0.008,26479,700,356,354,-2,0,-3.108475923538208,362.28798389434814,351.2135925292969
juego1,facil,80.0,0.008,26489,700,357,356,-1,0,-3.9235103130340576,362.29469442367554,350.9881896972656
juego1,facil,80.0,0.008,26499,700,357,358,1,0,-4.826312065124512,362.15225744247437,350.7734069824219
juego1,facil,80.0,0.008,26509,700,358,360,2,0,-5.740272521972656,362.035605430603,350.5850524902344
juego1,facil,80.0,0.008,26519,700,359,362,3,0,-6.622595310211182,361.91479408741,350.4446716308594
juego1,facil,80.0,0.008,26529,700,359,364,5,0,-7.520939350128174,361.7353937625885,350.38037109375
juego1,facil,80.0,0.008,26539,700,360,366,6,0,-8.364952087402344,361.53890550136566,350.3988342285156
juego1,facil,80.0,0.008,26549,700,361,368,7,0,-9.03798770904541,361.3685579299927,350.46734619140625
juego1,facil,80.0,0.008,26559,700,361,369,8,0,-9.569180488586426,361.22122371196747,350.5345153808594
juego1,facil,80.0,0.008,26569,700,362,370,8,0,-10.071213722229004,361.1143789291382,350.5832214355469
juego1,facil,80.0,0.008,26579,700,363,371,8,0,-10.581497192382812,361.0488566160202,350.6170349121094
juego1,facil,80.0,0.008,26589,700,363,372,9,0,-11.066502571105957,360.9497972726822,350.6429748535156
juego1,facil,80.0,0.008,26599,700,364,374,10,0,-11.576040267944336,360.8412296772003,350.6416931152344
juego1,facil,80.0,0.008,26609,700,365,375,10,0,-12.170136451721191,360.69548881053925,350.6221618652344
juego1,facil,80.0,0.008,26619,700,365,376,11,0,-12.837958335876465,360.53896486759186,350.5859680175781
juego1,facil,80.0,0.008,26629,700,366,378,12,0,-13.559596061706543,360.39651015400887,350.546630859375
juego1,facil,80.0,0.008,26639,700,367,380,13,0,-14.275481224060059,360.2534810602665,350.5479736328125
juego1,facil,80.0,0.008,26649,700,367,381,14,0,-14.893409729003906,360.13668225705624,350.6442565917969
juego1,facil,80.0,0.008,26659,700,368,382,14,0,-15.28938102722168,360.08343336731195,350.8811950683594
juego1,facil,80.0,0.008,26669,700,369,382,13,0,-15.437403678894043,360.0439463071525,351.1591796875
juego1,facil,80.0,0.008,26679,700,369,383,14,0,-15.46074104309082,360.01452585775405,351.4254150390625
juego1,facil,80.0,0.008,26691,700,370,383,13,0,-15.504720687866211,359.9973069904372,351.6522521972656
juego1,facil,80.0,0.008,26701,700,370,383,13,0,-15.588310241699219,359.9694129861891,351.80419921875
juego1,facil,80.0,0.008,26711,700,371,383,12,0,-15.681048393249512,359.9653339870274,351.8872985839844
juego1,facil,80.0,0.008,26721,700,372,383,11,0,-15.740164756774902,360.00378338317387,351.9034729003906
juego1,facil,80.0,0.008,26731,700,372,383,11,0,-15.627440452575684,360.0353076271713,351.90338134765625
juego1,facil,80.0,0.008,26741,700,373,383,10,0,-15.565997123718262,360.0393541827798,351.907958984375
juego1,facil,80.0,0.008,26751,700,374,383,9,0,-15.616456985473633,359.99944216688164,351.9073181152344
juego1,facil,80.0,0.008,26761,700,374,383,9,0,-15.787276268005371,359.9208814948797,351.9012145996094
juego1,facil,80.0,0.008,26771,700,375,384,9,0,-16.029367446899414,359.83803340792656,351.904296875
juego1,facil,80.0,0.008,26781,700,376,385,9,0,-16.34800148010254,359.7593178451061,351.91357421875
juego1,facil,80.0,0.008,26791,700,376,385,9,0,-16.56155014038086,359.71730810403824,351.9395446777344
juego1,facil,80.0,0.008,26801,700,377,385,8,0,-16.627954483032227,359.7191721200943,351.9673767089844
juego1,facil,80.0,0.008,26811,700,377,385,8,0,-16.627857208251953,359.74047899246216,351.9846496582031
juego1,facil,80.0,0.008,26827,700,378,385,7,0,-16.60398292541504,359.76406817138195,352.00030517578125
juego1,facil,80.0,0.008,26837,700,379,385,6,0,-16.63294792175293,359.6553647518158,352.08380126953125
juego1,facil,80.0,0.008,26847,700,379,386,7,0,-16.78206443786621,359.5392492711544,352.1634216308594
juego1,facil,80.0,0.008,26857,700,380,386,6,0,-16.995521545410156,359.4525388479233,352.1981201171875
juego1,facil,80.0,0.008,26867,700,380,387,7,0,-17.2492618560791,359.34947526454926,352.1742858886719
juego1,facil,80.0,0.008,26877,700,381,387,6,0,-17.415807723999023,359.3437793850899,352.130859375
juego1,facil,80.0,0.008,26887,700,382,387,5,0,-17.555889129638672,359.3364104628563,352.10748291015625
juego1,facil,80.0,0.008,26897,700,382,388,6,0,-17.733776092529297,359.3210490345955,352.0887451171875
juego1,facil,80.0,0.008,26907,700,383,388,5,0,-17.881053924560547,359.32363069057465,352.0812072753906
juego1,facil,80.0,0.008,26917,700,383,388,5,0,-18.031936645507812,359.31699204444885,352.073974609375
juego1,facil,80.0,0.008,26927,700,384,389,5,0,-18.210878372192383,359.2926290631294,352.07098388671875
juego1,facil,80.0,0.008,26937,700,385,389,4,0,-18.45454216003418,359.159819483757,352.08544921875
juego1,facil,80.0,0.008,26947,700,385,390,5,0,-18.781442642211914,358.9252952337265,352.069580078125
juego1,facil,80.0,0.008,26957,700,386,391,5,0,-19.131641387939453,358.7567652463913,352.0189514160156
juego1,facil,80.0,0.008,26967,700,386,391,5,0,-19.378650665283203,358.64255154132843,351.94244384765625
juego1,facil,80.0,0.008,26977,700,387,392,5,0,-19.460100173950195,358.5660376548767,351.87066650390625
juego1,facil,80.0,0.008,26987,700,388,392,4,0,-19.410364151000977,358.52442264556885,351.817138671875
juego1,facil,80.0,0.008,26997,700,388,391,3,0,-19.351057052612305,358.4863237142563,351.7803039550781
juego1,facil,80.0,0.008,27007,700,389,391,2,0,-19.365541458129883,358.4402561187744,351.7721862792969
juego1,facil,80.0,0.008,27017,700,389,392,3,0,-19.484006881713867,358.3599866628647,351.807861328125
juego1,facil,80.0,0.008,27027,700,390,392,2,0,-19.75005531311035,358.2548258304596,351.874267578125
juego1,facil,80.0,0.008,27037,700,390,393,3,0,-20.09381675720215,358.05216693878174,351.9499206542969
juego1,facil,80.0,0.008,27047,700,391,394,3,0,-20.471927642822266,357.7970860004425,351.9779968261719
juego1,facil,80.0,0.008,27057,700,392,395,3,0,-20.888511657714844,357.5743148326874,351.9745178222656
juego1,facil,80.0,0.008,27067,700,392,396,4,0,-21.313459396362305,357.3814175128937,351.97576904296875
juego1,facil,80.0,0.008,27077,700,393,397,4,0,-21.645967483520508,357.22324872016907,352.00408935546875
juego1,facil,80.0,0.008,27087,700,393,397,4,0,-21.873010635375977,357.1401882171631,352.05126953125
juego1,facil,80.0,0.008,27097,700,394,398,4,0,-22.111154556274414,357.0854423046112,352.1026611328125
juego1,facil,80.0,0.008,27107,700,394,398,4,0,-22.3820858001709,357.0150852203369,352.1490783691406
juego1,facil,80.0,0.008,27117,700,395,399,4,0,-22.607179641723633,356.93126130104065,352.1861267089844
juego1,facil,80.0,0.008,27127,700,395,399,4,0,-22.76040267944336,356.8485677242279,352.2181701660156
juego1,facil,80.0,0.008,27137,700,396,400,4,0,-22.905925750732422,356.79341745376587,352.24169921875
juego1,facil,80.0,0.008,27147,700,396,400,4,0,-23.13126564025879,356.73114705085754,352.2548828125
juego1,facil,80.0,0.008,27157,700,397,401,4,0,-23.444169998168945,356.6388473510742,352.2662048339844
juego1,facil,80.0,0.008,27167,700,397,401,4,0,-23.658987045288086,356.5609815120697,352.26409912109375
juego1,facil,80.0,0.008,27177,700,398,402,4,0,-23.885887145996094,356.50619864463806,352.25140380859375
juego1,facil,80.0,0.008,27187,700,399,402,3,0,-24.162687301635742,356.45527267456055,352.2564392089844
juego1,facil,80.0,0.008,27197,700,399,403,4,0,-24.34785270690918,356.4041736125946,352.2799377441406
juego1,facil,80.0,0.008,27207,700,400,403,3,0,-24.51998519897461,356.34916639328003,352.31683349609375
juego1,facil,80.0,0.008,27217,700,400,403,3,0,-24.54012680053711,356.3155462741852,352.3567199707031
juego1,facil,80.0,0.008,27227,700,401,403,2,0,-24.536970138549805,356.2757878303528,352.3829040527344
juego1,facil,80.0,0.008,27237,700,401,403,2,0,-24.527828216552734,356.2325429916382,352.4012756347656
juego1,facil,80.0,0.008,27247,700,402,403,1,0,-24.503719329833984,356.19977855682373,352.40679931640625
juego1,facil,80.0,0.008,27257,700,402,403,1,0,-24.531034469604492,356.1861000061035,352.3996276855469
juego1,facil,80.0,0.008,27267,700,403,403,0,0,-24.586313247680664,356.2370398044586,352.3706970214844
juego1,facil,80.0,0.008,27277,700,403,403,0,0,-24.57158660888672,356.285329580307,352.3456726074219
juego1,facil,80.0,0.008,27287,700,403,403,0,0,-24.54241180419922,356.30255222320557,352.3319091796875
juego1,facil,80.0,0.008,27297,700,404,403,-1,0,-24.516080856323242,356.3138954639435,352.3253479003906
juego1,facil,80.0,0.008,27307,700,404,403,-1,0,-24.503976821899414,356.32385897636414,352.3080139160156
juego1,facil,80.0,0.008,27317,700,405,403,-2,0,-24.50165557861328,356.33338618278503,352.2944641113281
juego1,facil,80.0,0.008,27327,700,405,403,-2,0,-24.46367645263672,356.3432857990265,352.2960510253906
juego1,facil,80.0,0.008,27337,700,406,403,-3,0,-24.387386322021484,356.3455858230591,352.31451416015625
juego1,facil,80.0,0.008,27347,700,406,403,-3,0,-24.318317413330078,356.3540816307068,352.33648681640625
juego1,facil,80.0,0.008,27357,700,407,403,-4,0,-24.26545524597168,356.35512828826904,352.3592529296875
juego1,facil,80.0,0.008,27367,700,407,403,-4,0,-24.21307373046875,356.33793210983276,352.3768310546875
juego1,facil,80.0,0.008,27377,700,408,402,-6,0,-24.173311233520508,356.31398129463196,352.39776611328125
juego1,facil,80.0,0.008,27387,700,408,402,-6,0,-24.157758712768555,356.28302001953125,352.4212341308594
juego1,facil,80.0,0.008,27397,700,409,402,-7,0,-24.14901351928711,356.25297713279724,352.4465637207031
juego1,facil,80.0,0.008,27407,700,409,402,-7,0,-24.125717163085938,356.22751688957214,352.4617919921875
juego1,facil,80.0,0.008,27417,700,409,402,-7,0,-24.129924774169922,356.2033989429474,352.4836120605469
juego1,facil,80.0,0.008,27427,700,410,403,-7,0,-24.189355850219727,356.1772873401642,352.51177978515625
juego1,facil,80.0,0.008,27437,700,410,403,-7,0,-24.286489486694336,356.1599967479706,352.52130126953125
juego1,facil,80.0,0.008,27447,700,411,403,-8,0,-24.320907592773438,356.1583626270294,352.53662109375
juego1,facil,80.0,0.008,27457,700,411,403,-8,0,-24.27794075012207,356.15414237976074,352.5538635253906
juego1,facil,80.0,0.008,27467,700,411,403,-8,0,-24.213603973388672,356.1707990169525,352.5634765625
juego1,facil,80.0,0.008,27477,700,412,402,-10,0,-24.172622680664062,356.18470883369446,352.5780334472656
juego1,facil,80.0,0.008,27487,700,412,403,-9,0,-24.223257064819336,356.1596484184265,352.60992431640625
juego1,facil,80.0,0.008,27497,700,413,403,-10,0,-24.335397720336914,356.11468482017517,352.63458251953125
juego1,facil,80.0,0.008,27507,700,413,403,-10,0,-24.520381927490234,356.0876054763794,352.63531494140625
juego1,facil,80.0,0.008,27517,700,413,404,-9,0,-24.734344482421875,356.0450990200043,352.64349365234375
juego1,facil,80.0,0.008,27527,700,414,404,-10,0,-24.934877395629883,355.98927783966064,352.64892578125
juego1,facil,80.0,0.008,27537,700,414,405,-9,0,-25.088130950927734,-4.05388069152832,352.6690673828125
juego1,facil,80.0,0.008,27547,700,415,405,-10,0,-25.256664276123047,-4.075972080230713,352.68060302734375
juego1,facil,80.0,0.008,27557,700,415,406,-9,0,-25.67375373840332,-4.133220195770264,352.7133483886719
juego1,facil,80.0,0.008,27567,700,415,407,-8,0,-26.304012298583984,-4.2694411277771,352.7848815917969
juego1,facil,80.0,0.008,27577,700,416,409,-7,0,-26.80052375793457,-4.413073539733887,352.85223388671875
juego1,facil,80.0,0.008,27587,700,416,409,-7,0,-27.114282608032227,-4.516088962554932,352.90533447265625
juego1,facil,80.0,0.008,27597,700,416,410,-6,0,-27.30589485168457,-4.561756610870361,352.95599365234375
juego1,facil,80.0,0.008,27607,700,417,410,-7,0,-27.491287231445312,-4.58778190612793,352.9952697753906
juego1,facil,80.0,0.008,27617,700,417,411,-6,0,-27.749475479125977,-4.6455278396606445,353.0282287597656
juego1,facil,80.0,0.008,27627,700,417,411,-6,0,-28.09516716003418,-4.752915382385254,353.0471496582031
juego1,facil,80.0,0.008,27637,700,418,413,-5,0,-28.5374813079834,-4.861170768737793,353.0531005859375
juego1,facil,80.0,0.008,27647,700,418,413,-5,0,-28.922908782958984,-4.916224956512451,353.0887145996094
juego1,facil,80.0,0.008,27657,700,418,414,-4,0,-29.072725296020508,-4.926459789276123,353.11676025390625
juego1,facil,80.0,0.008,27667,700,419,414,-5,0,-29.046688079833984,-4.892312049865723,353.1257629394531
juego1,facil,80.0,0.008,27677,700,419,413,-6,0,-28.967683792114258,-4.831589698791504,353.1241149902344
juego1,facil,80.0,0.008,27687,700,419,413,-6,0,-28.93144989013672,-4.787258148193359,353.1356506347656
juego1,facil,80.0,0.008,27697,700,420,414,-6,0,-28.99130630493164,-4.772378444671631,353.17071533203125
juego1,facil,80.0,0.008,27707,700,420,414,-6,0,-29.059167861938477,-4.762696266174316,353.20672607421875
juego1,facil,80.0,0.008,27717,700,420,414,-6,0,-29.089332580566406,-4.740950107574463,353.2362976074219
juego1,facil,80.0,0.008,27727,700,420,414,-6,0,-29.069290161132812,-4.7132792472839355,353.2630615234375
juego1,facil,80.0,0.008,27737,700,421,414,-7,0,-29.074800491333008,-4.703773498535156,353.2851867675781
juego1,facil,80.0,0.008,27747,700,421,414,-7,0,-29.084550857543945,-4.711062908172607,353.3019104003906
juego1,facil,80.0,0.008,27757,700,421,414,-7,0,-29.101924896240234,-4.720336437225342,353.3198547363281
juego1,facil,80.0,0.008,27767,700,422,414,-8,0,-29.156179428100586,-4.7346320152282715,353.3448486328125
juego1,facil,80.0,0.008,27777,700,422,414,-8,0,-29.261796951293945,-4.765076160430908,353.37408447265625
juego1,facil,80.0,0.008,27787,700,422,415,-7,0,-29.474008560180664,-4.845736503601074,353.3999938964844
juego1,facil,80.0,0.008,27797,700,422,415,-7,0,-29.836116790771484,-4.987679958343506,353.4098205566406
juego1,facil,80.0,0.008,27807,700,423,416,-7,0,-30.18685531616211,-5.0807695388793945,353.4122009277344
juego1,facil,80.0,0.008,27817,700,423,417,-6,0,-30.371292114257812,-5.14754056930542,353.4003601074219
juego1,facil,80.0,0.008,27827,700,423,417,-6,0,-30.524354934692383,-5.1976399421691895,353.39312744140625
juego1,facil,80.0,0.008,27837,700,423,417,-6,0,-30.713985443115234,-5.238219261169434,353.4027404785156
juego1,facil,80.0,0.008,27847,700,424,418,-6,0,-31.016311645507812,-5.310206413269043,353.4411315917969
juego1,facil,80.0,0.008,27857,700,424,419,-5,0,-31.34587860107422,-5.383935928344727,353.4800109863281
juego1,facil,80.0,0.008,27867,700,424,419,-5,0,-31.57974624633789,-5.440679550170898,353.516357421875
juego1,facil,80.0,0.008,27882,700,424,420,-4,0,-31.695138931274414,-5.442698955535889,353.56121826171875
juego1,facil,80.0,0.008,27892,700,424,420,-4,0,-31.705036163330078,-5.425132751464844,353.5748291015625
juego1,facil,80.0,0.008,27902,700,425,420,-5,0,-31.68056297302246,-5.401900768280029,353.56768798828125
juego1,facil,80.0,0.008,27912,700,425,420,-5,0,-31.690006256103516,-5.39613151550293,353.55712890625
juego1,facil,80.0,0.008,27922,700,425,420,-5,0,-31.800365447998047,-5.432090759277344,353.5614929199219
juego1,facil,80.0,0.008,27932,700,425,421,-4,0,-32.11546325683594,-5.546753883361816,353.57672119140625
juego1,facil,80.0,0.008,27942,700,425,422,-3,0,-32.59065628051758,-5.7076640129089355,353.59576416015625
juego1,facil,80.0,0.008,27952,700,426,423,-3,0,-33.10811233520508,-5.874361038208008,353.60833740234375
juego1,facil,80.0,0.008,27962,700,426,424,-2,0,-33.4834098815918,-6.0180158615112305,353.6307373046875
juego1,facil,80.0,0.008,27972,700,426,424,-2,0,-33.646114349365234,-6.108615398406982,353.65277099609375
juego1,facil,80.0,0.008,27982,700,426,424,-2,0,-33.68968963623047,-6.128933906555176,353.6478576660156
juego1,facil,80.0,0.008,27992,700,426,424,-2,0,-33.69137954711914,-6.129441261291504,353.6322937011719
juego1,facil,80.0,0.008,28002,700,426,424,-2,0,-33.74382019042969,-6.160068035125732,353.61669921875
juego1,facil,80.0,0.008,28012,700,427,425,-2,0,-33.887451171875,-6.221428394317627,353.6025390625
juego1,facil,80.0,0.008,28022,700,427,425,-2,0,-34.04534912109375,-6.276605129241943,353.59149169921875
juego1,facil,80.0,0.008,28032,700,427,425,-2,0,-34.078643798828125,-6.308464050292969,353.58221435546875
juego1,facil,80.0,0.008,28042,700,427,425,-2,0,-34.0244255065918,-6.307365894317627,353.5707702636719
juego1,facil,80.0,0.008,28052,700,427,425,-2,0,-33.958351135253906,-6.283658504486084,353.55804443359375
juego1,facil,80.0,0.008,28062,700,427,425,-2,0,-33.98063659667969,-6.291729927062988,353.5576477050781
juego1,facil,80.0,0.008,28072,700,427,425,-2,0,-34.18379211425781,-6.34719181060791,353.5636901855469
juego1,facil,80.0,0.008,28082,700,427,426,-1,0,-34.48960876464844,-6.434609413146973,353.5833740234375
juego1,facil,80.0,0.008,28092,700,428,427,-1,0,-34.79050064086914,-6.541774749755859,353.59295654296875
juego1,facil,80.0,0.008,28102,700,428,427,-1,0,-35.0583381652832,-6.637048721313477,353.5921325683594
juego1,facil,80.0,0.008,28112,700,428,428,0,0,-35.33156967163086,-6.728745937347412,353.593017578125
juego1,facil,80.0,0.008,28122,700,428,429,1,0,-35.674198150634766,-6.830558776855469,353.6103820800781
juego1,facil,80.0,0.008,28132,700,428,430,2,0,-36.07743453979492,-6.952725410461426,353.6412353515625
juego1,facil,80.0,0.008,28142,700,428,431,3,0,-36.44181442260742,-7.077917098999023,353.67510986328125
juego1,facil,80.0,0.008,28152,700,428,431,3,0,-36.669219970703125,-7.1475419998168945,353.70623779296875
juego1,facil,80.0,0.008,28162,700,428,431,3,0,-36.66691589355469,-7.136122703552246,353.7208251953125
juego1,facil,80.0,0.008,28172,700,428,431,3,0,-36.55577087402344,-7.08036470413208,353.7149658203125
juego1,facil,80.0,0.008,28182,700,428,431,3,0,-36.422157287597656,-7.013614177703857,353.69830322265625
juego1,facil,80.0,0.008,28192,700,428,430,2,0,-36.30574417114258,-6.963494777679443,353.6675720214844
juego1,facil,80.0,0.008,28202,700,428,430,2,0,-36.264163970947266,-6.940027713775635,353.6477355957031
juego1,facil,80.0,0.008,28212,700,428,430,2,0,-36.32356262207031,-6.95859956741333,353.6562805175781
juego1,facil,80.0,0.008,28222,700,428,431,3,0,-36.398014068603516,-6.986274719238281,353.6606140136719
juego1,facil,80.0,0.008,28232,700,428,431,3,0,-36.4415168762207,-6.9978766441345215,353.6510925292969
juego1,facil,80.0,0.008,28242,700,428,431,3,0,-36.44536209106445,-7.002358436584473,353.6395263671875
juego1,facil,80.0,0.008,28252,700,428,431,3,0,-36.462223052978516,-7.018430233001709,353.63385009765625
juego1,facil,80.0,0.008,28262,700,428,431,3,0,-36.525386810302734,-7.05833625793457,353.623291015625
juego1,facil,80.0,0.008,28272,700,428,431,3,0,-36.637115478515625,-7.106923580169678,353.6098937988281
juego1,facil,80.0,0.008,28282,700,428,431,3,0,-36.69748306274414,-7.133472919464111,353.60174560546875
juego1,facil,80.0,0.008,28292,700,428,431,3,0,-36.66689682006836,-7.132230758666992,353.6014099121094
juego1,facil,80.0,0.008,28302,700,428,431,3,0,-36.565792083740234,-7.084407329559326,353.600341796875
juego1,facil,80.0,0.008,28312,700,428,431,3,0,-36.44188690185547,-7.02552604675293,353.5992126464844
juego1,facil,80.0,0.008,28322,700,428,430,2,0,-36.33595657348633,-6.9843621253967285,353.5997314453125
juego1,facil,80.0,0.008,28332,700,428,430,2,0,-36.28199768066406,-6.972486972808838,353.6175842285156
juego1,facil,80.0,0.008,28342,700,428,430,2,0,-36.256656646728516,-6.978418350219727,353.6358337402344
juego1,facil,80.0,0.008,28352,700,428,430,2,0,-36.22075653076172,-6.9794087409973145,353.64398193359375
juego1,facil,80.0,0.008,28362,700,428,430,2,0,-36.18217849731445,-6.979949474334717,353.6412353515625
juego1,facil,80.0,0.008,28372,700,428,430,2,0,-36.1461296081543,-6.987276554107666,353.6364440917969
juego1,facil,80.0,0.008,28382,700,428,430,2,0,-36.113128662109375,-6.998183727264404,353.63043212890625
juego1,facil,80.0,0.008,28392,700,428,430,2,0,-36.0792236328125,-7.005062580108643,353.62603759765625
juego1,facil,80.0,0.008,28402,700,428,430,2,0,-36.05059051513672,-7.007253646850586,353.6239318847656
juego1,facil,80.0,0.008,28412,700,428,430,2,0,-36.028079986572266,-6.997262001037598,353.627685546875
juego1,facil,80.0,0.008,28422,700,428,430,2,0,-35.95843505859375,-6.959541320800781,353.63983154296875
juego1,facil,80.0,0.008,28432,700,428,429,1,0,-35.83632278442383,-6.9013752937316895,353.6356201171875
juego1,facil,80.0,0.008,28442,700,428,429,1,0,-35.70314025878906,-6.847550868988037,353.6260070800781
juego1,facil,80.0,0.008,28452,700,428,429,1,0,-35.583885192871094,-6.807735443115234,353.62078857421875
juego1,facil,80.0,0.008,28462,700,428,429,1,0,-35.55060577392578,-6.804264545440674,353.63055419921875
juego1,facil,80.0,0.008,28472,700,428,429,1,0,-35.56269836425781,-6.82902717590332,353.640380859375
juego1,facil,80.0,0.008,28482,700,427,429,2,0,-35.563194274902344,-6.851587772369385,353.6435241699219
juego1,facil,80.0,0.008,28492,700,427,429,2,0,-35.521583557128906,-6.855513095855713,353.6400146484375
juego1,facil,80.0,0.008,28502,700,427,428,1,0,-35.467342376708984,-6.85330057144165,353.6378173828125
juego1,facil,80.0,0.008,28512,700,427,428,1,0,-35.40663528442383,-6.842201232910156,353.629150390625
juego1,facil,80.0,0.008,28522,700,427,428,1,0,-35.32661437988281,-6.820966720581055,353.6132507324219
juego1,facil,80.0,0.008,28532,700,427,428,1,0,-35.25251388549805,-6.794294357299805,353.5986328125
juego1,facil,80.0,0.008,28542,700,427,428,1,0,-35.18815994262695,-6.77043342590332,353.58819580078125
juego1,facil,80.0,0.008,28552,700,427,428,1,0,-35.10835266113281,-6.738556861877441,353.57537841796875
juego1,facil,80.0,0.008,28562,700,426,427,1,0,-35.025516510009766,-6.707167148590088,353.5611877441406
juego1,facil,80.0,0.008,28572,700,426,427,1,0,-34.95091247558594,-6.684628963470459,353.54412841796875
juego1,facil,80.0,0.008,28589,700,426,427,1,0,-34.88270568847656,-6.669517993927002,353.5188293457031
juego1,facil,80.0,0.008,28599,700,426,427,1,0,-34.744205474853516,-6.644446849822998,353.4775695800781
juego1,facil,80.0,0.008,28610,700,426,427,1,0,-34.683929443359375,-6.637610912322998,353.4670715332031
juego1,facil,80.0,0.008,28620,700,426,426,0,0,-34.6184196472168,-6.629359722137451,353.46588134765625
juego1,facil,80.0,0.008,28630,700,425,426,1,0,-34.53388214111328,-6.607178688049316,353.46142578125
juego1,facil,80.0,0.008,28640,700,425,426,1,0,-34.42076873779297,-6.577526092529297,353.4657287597656
juego1,facil,80.0,0.008,28650,700,425,426,1,0,-34.2803955078125,-6.5373101234436035,353.47247314453125
juego1,facil,80.0,0.008,28664,700,425,425,0,0,-34.03273010253906,-6.467569351196289,353.48211669921875
juego1,facil,80.0,0.008,28674,700,425,424,-1,0,-33.651573181152344,-6.380999565124512,353.4911193847656
juego1,facil,80.0,0.008,28684,700,424,424,0,0,-33.34101104736328,-6.295928955078125,353.50341796875
juego1,facil,80.0,0.008,28694,700,424,423,-1,0,-33.11940002441406,-6.2443623542785645,353.5087585449219
juego1,facil,80.0,0.008,28704,700,424,423,-1,0,-32.99243927001953,-6.226968765258789,353.5074462890625
juego1,facil,80.0,0.008,28714,700,424,423,-1,0,-32.92580032348633,-6.2080183029174805,353.5102233886719
juego1,facil,80.0,0.008,28724,700,424,422,-2,0,-32.847129821777344,-6.183597087860107,353.51446533203125
juego1,facil,80.0,0.008,28734,700,423,422,-1,0,-32.68358612060547,-6.137584686279297,353.5105895996094
juego1,facil,80.0,0.008,28744,700,423,422,-1,0,-32.46189498901367,-6.08662748336792,353.5075988769531
juego1,facil,80.0,0.008,28754,700,423,421,-2,0,-32.331817626953125,-6.022668361663818,353.4970703125
juego1,facil,80.0,0.008,28764,700,423,421,-2,0,-32.21929931640625,-5.975090026855469,353.4872741699219
juego1,facil,80.0,0.008,28774,700,422,421,-1,0,-32.08496856689453,-5.943173408508301,353.480224609375
juego1,facil,80.0,0.008,28784,700,422,420,-2,0,-31.953330993652344,-5.886508464813232,353.4808349609375
juego1,facil,80.0,0.008,28794,700,422,420,-2,0,-31.85142707824707,-5.8511433601379395,353.47332763671875
juego1,facil,80.0,0.008,28804,700,422,420,-2,0,-31.781633377075195,-5.832622051239014,353.45721435546875
juego1,facil,80.0,0.008,28814,700,421,420,-1,0,-31.756929397583008,-5.831783771514893,353.44451904296875
juego1,facil,80.0,0.008,28824,700,421,420,-1,0,-31.73363494873047,-5.831955432891846,353.43231201171875
juego1,facil,80.0,0.008,28834,700,421,420,-1,0,-31.710712432861328,-5.829589366912842,353.4314270019531
juego1,facil,80.0,0.008,28844,700,421,420,-1,0,-31.690460205078125,-5.833293437957764,353.4287109375
juego1,facil,80.0,0.008,28854,700,420,420,0,0,-31.6544246673584,-5.83229923248291,353.4272155761719
juego1,facil,80.0,0.008,28864,700,420,420,0,0,-31.601186752319336,-5.834833145141602,353.41064453125
juego1,facil,80.0,0.008,28874,700,420,419,-1,0,-31.517547607421875,-5.826118469238281,353.39044189453125
juego1,facil,80.0,0.008,28884,700,419,419,0,0,-31.402067184448242,-5.804592609405518,353.3699645996094
juego1,facil,80.0,0.008,28894,700,419,419,0,0,-31.247394561767578,-5.768779277801514,353.34503173828125
juego1,facil,80.0,0.008,28904,700,419,418,-1,0,-31.122774124145508,-5.730454921722412,353.3255310058594
juego1,facil,80.0,0.008,28914,700,418,418,0,0,-31.02117156982422,-5.712773323059082,353.3036193847656
juego1,facil,80.0,0.008,28924,700,418,418,0,0,-30.906673431396484,-5.699502944946289,353.2738037109375
juego1,facil,80.0,0.008,28934,700,418,418,0,0,-30.80925941467285,-5.669592380523682,353.26422119140625
juego1,facil,80.0,0.008,28944,700,417,418,1,0,-30.73723793029785,-5.648370742797852,353.2667541503906
juego1,facil,80.0,0.008,28954,700,417,417,0,0,-30.652700424194336,-5.638823986053467,353.2651672363281
juego1,facil,80.0,0.008,28964,700,417,417,0,0,-30.551834106445312,-5.627943515777588,353.263427734375
juego1,facil,80.0,0.008,28974,700,416,417,1,0,-30.420635223388672,-5.6059956550598145,353.26361083984375
juego1,facil,80.0,0.008,28984,700,416,417,1,0,-30.284284591674805,-5.577373027801514,353.2571716308594
juego1,facil,80.0,0.008,28994,700,416,416,0,0,-30.118301391601562,-5.535101413726807,353.25421142578125
juego1,facil,80.0,0.008,29004,700,415,416,1,0,-29.922019958496094,-5.465421199798584,353.2583923339844
juego1,facil,80.0,0.008,29014,700,415,415,0,0,-29.734933853149414,-5.39290189743042,353.25946044921875
juego1,facil,80.0,0.008,29024,700,415,415,0,0,-29.588884353637695,-5.346822261810303,353.25360107421875
juego1,facil,80.0,0.008,29034,700,414,415,1,0,-29.50136947631836,-5.320359706878662,353.25018310546875
juego1,facil,80.0,0.008,29044,700,414,415,1,0,-29.44692039489746,-5.310462951660156,353.2504577636719
juego1,facil,80.0,0.008,29054,700,413,414,1,0,-29.377910614013672,-5.296726226806641,353.25103759765625
juego1,facil,80.0,0.008,29064,700,413,414,1,0,-29.290143966674805,-5.279938697814941,353.2516174316406
juego1,facil,80.0,0.008,29076,700,413,414,1,0,-29.197498321533203,-5.254061222076416,353.25469970703125
juego1,facil,80.0,0.008,29086,700,412,414,2,0,-29.102340698242188,-5.22137451171875,353.2598571777344
juego1,facil,80.0,0.008,29096,700,412,414,2,0,-29.01186180114746,-5.192006587982178,353.2642517089844
juego1,facil,80.0,0.008,29106,700,411,413,2,0,-28.919042587280273,-5.168969631195068,353.2666320800781
juego1,facil,80.0,0.008,29116,700,411,413,2,0,-28.821815490722656,-5.146421432495117,353.26873779296875
juego1,facil,80.0,0.008,29126,700,411,413,2,0,-28.706703186035156,-5.110361099243164,353.27398681640625
juego1,facil,80.0,0.008,29136,700,410,413,3,0,-28.603185653686523,-5.076157569885254,353.2709045410156
juego1,facil,80.0,0.008,29146,700,410,412,2,0,-28.532581329345703,-5.051572799682617,353.27471923828125
juego1,facil,80.0,0.008,29156,700,409,412,3,0,-28.49484634399414,-5.039333820343018,353.276611328125
juego1,facil,80.0,0.008,29167,700,409,412,3,0,-28.42873764038086,-5.011312484741211,353.2818298339844
juego1,facil,80.0,0.008,29177,700,409,412,3,0,-28.3090877532959,-4.960609436035156,353.2785339355469
juego1,facil,80.0,0.008,29187,700,408,412,4,0,-28.149625778198242,-4.88346529006958,353.2782897949219
juego1,facil,80.0,0.008,29197,700,408,411,3,0,-28.01123046875,-4.797404766082764,353.28564453125
juego1,facil,80.0,0.008,29207,700,407,411,4,0,-27.904584884643555,-4.729926109313965,353.3002014160156
juego1,facil,80.0,0.008,29217,700,407,411,4,0,-27.777490615844727,-4.657063961029053,353.3083801269531
juego1,facil,80.0,0.008,29227,700,406,410,4,0,-27.595853805541992,-4.551270484924316,353.3221130371094
juego1,facil,80.0,0.008,29237,700,406,410,4,0,-27.3488712310791,-4.422509670257568,353.338134765625
juego1,facil,80.0,0.008,29247,700,405,409,4,0,-27.03156852722168,-4.327671051025391,353.3655700683594
juego1,facil,80.0,0.008,29257,700,405,408,3,0,-26.775421142578125,-4.267180919647217,353.3975524902344
juego1,facil,80.0,0.008,29267,700,404,408,4,0,-26.65928077697754,-4.213204860687256,353.4074401855469
juego1,facil,80.0,0.008,29277,700,404,408,4,0,-26.581241607666016,-4.173840522766113,353.4148864746094
juego1,facil,80.0,0.008,29287,700,404,408,4,0,-26.47199058532715,-4.139980316162109,353.4196472167969
juego1,facil,80.0,0.008,29297,700,403,407,4,0,-26.282489776611328,-4.072741508483887,353.43048095703125
juego1,facil,80.0,0.008,29307,700,403,406,3,0,-25.764148712158203,-4.003931999206543,353.4841613769531
juego1,facil,80.0,0.008,29317,700,402,404,2,0,-25.0128231048584,-3.9270524978637695,353.5539245605469
juego1,facil,80.0,0.008,29327,700,402,403,1,0,-24.43166160583496,356.226669549942,353.59222412109375
juego1,facil,80.0,0.008,29337,700,401,402,1,0,-24.126676559448242,356.3451797962189,353.60992431640625
juego1,facil,80.0,0.008,29347,700,401,402,1,0,-23.981224060058594,356.413378238678,353.613037109375
juego1,facil,80.0,0.008,29357,700,400,402,2,0,-23.815595626831055,356.46583437919617,353.6198425292969
juego1,facil,80.0,0.008,29367,700,400,401,1,0,-23.610395431518555,356.5341646671295,353.6210021972656
juego1,facil,80.0,0.008,29377,700,399,401,2,0,-23.336307525634766,356.6610767841339,353.62799072265625
juego1,facil,80.0,0.008,29387,700,399,400,1,0,-22.994531631469727,356.78636956214905,353.634521484375
juego1,facil,80.0,0.008,29397,700,398,399,1,0,-22.74427032470703,356.8478729724884,353.6481018066406
juego1,facil,80.0,0.008,29407,700,398,399,1,0,-22.660356521606445,356.8878526687622,353.6544494628906
juego1,facil,80.0,0.008,29417,700,397,399,2,0,-22.654264450073242,356.8878524303436,353.6542663574219
juego1,facil,80.0,0.008,29427,700,396,399,3,0,-22.628639221191406,356.8878526687622,353.6535339355469
juego1,facil,80.0,0.008,29437,700,396,399,3,0,-22.550851821899414,356.9002516269684,353.6540222167969
juego1,facil,80.0,0.008,29447,700,395,399,4,0,-22.448278427124023,356.9193227291107,353.65533447265625
juego1,facil,80.0,0.008,29457,700,395,398,3,0,-22.361177444458008,356.9287340641022,353.655029296875
juego1,facil,80.0,0.008,29467,700,394,398,4,0,-22.32713508605957,356.92890763282776,353.6541442871094
juego1,facil,80.0,0.008,29481,700,394,398,4,0,-22.326810836791992,356.91677021980286,353.6601867675781
juego1,facil,80.0,0.008,29491,700,393,398,5,0,-22.272512435913086,356.92795157432556,353.6676940917969
juego1,facil,80.0,0.008,29501,700,393,398,5,0,-22.155271530151367,356.9535701274872,353.67010498046875
juego1,facil,80.0,0.008,29511,700,392,397,5,0,-21.94938087463379,357.02032566070557,353.67852783203125
juego1,facil,80.0,0.008,29521,700,392,397,5,0,-21.649295806884766,357.1244921684265,353.6922302246094
juego1,facil,80.0,0.008,29531,700,391,396,5,0,-21.31353187561035,357.269903421402,353.69500732421875
juego1,facil,80.0,0.008,29541,700,390,395,5,0,-21.009611129760742,357.4033749103546,353.6882629394531
juego1,facil,80.0,0.008,29551,700,390,395,5,0,-20.752378463745117,357.5054142475128,353.68377685546875
juego1,facil,80.0,0.008,29561,700,389,394,5,0,-20.544574737548828,357.60446643829346,353.68218994140625
juego1,facil,80.0,0.008,29571,700,389,394,5,0,-20.365636825561523,357.67415022850037,353.683349609375
juego1,facil,80.0,0.008,29581,700,388,393,5,0,-20.101295471191406,357.6876974105835,353.72412109375
juego1,facil,80.0,0.008,29591,700,388,392,4,0,-19.724262237548828,357.6825714111328,353.78875732421875
juego1,facil,80.0,0.008,29601,700,387,391,4,0,-19.32357406616211,357.74545764923096,353.85357666015625
juego1,facil,80.0,0.008,29611,700,386,391,5,0,-19.073532104492188,357.856253862381,353.86907958984375
juego1,facil,80.0,0.008,29621,700,386,390,4,0,-18.925678253173828,357.91454339027405,353.8766174316406
juego1,facil,80.0,0.008,29631,700,385,390,5,0,-18.845090866088867,357.9227056503296,353.8913879394531
juego1,facil,80.0,0.008,29641,700,385,390,5,0,-18.76685905456543,357.9339656829834,353.9080505371094
juego1,facil,80.0,0.008,29651,700,384,390,6,0,-18.65434455871582,357.9564383029938,353.92535400390625
juego1,facil,80.0,0.008,29661,700,384,390,6,0,-18.515329360961914,358.0015251636505,353.9460754394531
juego1,facil,80.0,0.008,29671,700,383,389,6,0,-18.355968475341797,358.0538737773895,353.9698486328125
juego1,facil,80.0,0.008,29681,700,382,389,7,0,-18.084577560424805,358.12110340595245,354.00225830078125
juego1,facil,80.0,0.008,29691,700,382,388,6,0,-17.687742233276367,358.1859471797943,354.0593566894531
juego1,facil,80.0,0.008,29701,700,381,387,6,0,-17.334970474243164,358.27156913280487,354.0896911621094
juego1,facil,80.0,0.008,29711,700,381,386,5,0,-17.04529571533203,358.34877920150757,354.0982666015625
juego1,facil,80.0,0.008,29721,700,380,386,6,0,-16.77189826965332,358.4365335702896,354.0914001464844
juego1,facil,80.0,0.008,29731,700,379,385,6,0,-16.448448181152344,358.5360087156296,354.0899963378906
juego1,facil,80.0,0.008,29741,700,379,384,5,0,-16.101951599121094,358.6548799276352,354.08624267578125
juego1,facil,80.0,0.008,29751,700,378,383,5,0,-15.686027526855469,358.7522546052933,354.10699462890625
juego1,facil,80.0,0.008,29761,700,377,382,5,0,-15.121607780456543,358.8407304286957,354.1976013183594
juego1,facil,80.0,0.008,29771,700,377,380,3,0,-14.523685455322266,358.9268151521683,354.2942199707031
juego1,facil,80.0,0.008,29781,700,376,379,3,0,-13.960368156433105,359.0801067352295,354.37322998046875
juego1,facil,80.0,0.008,29791,700,376,378,2,0,-13.34559154510498,359.1908286809921,354.4864196777344
juego1,facil,80.0,0.008,29801,700,375,376,1,0,-12.793893814086914,359.2463028430939,354.56121826171875
juego1,facil,80.0,0.008,29811,700,374,375,1,0,-12.18393611907959,359.35283982753754,354.6631774902344
juego1,facil,80.0,0.008,29821,700,374,374,0,0,-11.64687442779541,359.4513695240021,354.7625427246094
juego1,facil,80.0,0.008,29831,700,373,373,0,0,-11.309154510498047,359.56262838840485,354.7724914550781
juego1,facil,80.0,0.008,29841,700,372,372,0,0,-10.968267440795898,359.6482334434986,354.8084411621094
juego1,facil,80.0,0.008,29851,700,372,371,-1,0,-10.55356502532959,359.73610883951187,354.84991455078125
juego1,facil,80.0,0.008,29861,700,371,370,-1,0,-10.016063690185547,359.8534671962261,354.9471435546875
juego1,facil,80.0,0.008,29871,700,371,369,-2,0,-9.485504150390625,359.9759416729212,355.0452880859375
juego1,facil,80.0,0.008,29881,700,370,368,-2,0,-9.05521011352539,360.03684774413705,355.0991516113281
juego1,facil,80.0,0.008,29891,700,369,367,-2,0,-8.6964111328125,360.1214883700013,355.1561279296875
juego1,facil,80.0,0.008,29901,700,369,366,-3,0,-8.3992919921875,360.20906150341034,355.1915588378906
juego1,facil,80.0,0.008,29911,700,368,366,-2,0,-8.05642032623291,360.29126861691475,355.2192687988281
juego1,facil,80.0,0.008,29921,700,367,364,-3,0,-7.538061141967773,360.4220245182514,355.2828369140625
juego1,facil,80.0,0.008,29931,700,367,363,-4,0,-6.891541957855225,360.5819526910782,355.3973693847656
juego1,facil,80.0,0.008,29941,700,366,361,-5,0,-6.232198715209961,360.6901715397835,355.490234375
juego1,facil,80.0,0.008,29951,700,365,360,-5,0,-5.655884265899658,360.8067482113838,355.5706787109375
juego1,facil,80.0,0.008,29961,700,365,359,-6,0,-5.18960428237915,360.9276610016823,355.6510925292969
juego1,facil,80.0,0.008,29971,700,364,358,-6,0,-4.783074378967285,361.01297903060913,355.6861267089844
juego1,facil,80.0,0.008,29981,700,363,357,-6,0,-4.397087097167969,361.09282398223877,355.70635986328125
juego1,facil,80.0,0.008,29991,700,363,356,-7,0,-4.042144298553467,361.1904400587082,355.7522277832031
juego1,facil,80.0,0.008,30001,700,362,356,-6,0,-3.7063560485839844,361.23345243930817,355.7786560058594
juego1,facil,80.0,0.008,30011,700,361,355,-6,0,-3.3887243270874023,361.26300716400146,355.7977294921875
juego1,facil,80.0,0.008,30021,700,361,354,-7,0,-3.094479560852051,361.29094755649567,355.8250427246094
juego1,facil,80.0,0.008,30031,700,360,353,-7,0,-2.7561450004577637,361.3540858030319,355.87152099609375
juego1,facil,80.0,0.008,30041,700,359,352,-7,0,-2.3765175342559814,361.45096385478973,355.92767333984375
juego1,facil,80.0,0.008,30051,700,359,352,-7,0,-1.9813045263290405,361.55333518981934,355.9801330566406
juego1,facil,80.0,0.008,30061,700,358,351,-7,0,-1.5978233814239502,361.64843142032623,356.0389709472656
juego1,facil,80.0,0.008,30071,700,357,350,-7,0,-1.2220776081085205,361.7345322370529,356.0926208496094
juego1,facil,80.0,0.008,30081,700,357,349,-8,0,-0.8892974853515625,361.8089771270752,356.132080078125
juego1,facil,80.0,0.008,30091,700,356,348,-8,0,-0.597886860370636,361.8684171438217,356.16583251953125
juego1,facil,80.0,0.008,30101,700,355,348,-7,0,-0.2792157530784607,361.9346843957901,356.20556640625
juego1,facil,80.0,0.008,30111,700,355,347,-8,0,0.12695956230163574,362.01458406448364,356.2572021484375
juego1,facil,80.0,0.008,30121,700,354,346,-8,0,0.5407891273498535,362.0850751399994,356.3157043457031
juego1,facil,80.0,0.008,30131,700,353,345,-8,0,0.9019691944122314,362.1455719470978,356.3763732910156
juego1,facil,80.0,0.008,30141,700,353,344,-9,0,1.200467824935913,362.19772005081177,356.4298095703125
juego1,facil,80.0,0.008,30151,700,352,344,-8,0,1.47035813331604,362.2372167110443,356.4797668457031
juego1,facil,80.0,0.008,30161,700,351,343,-8,0,1.6694077253341675,362.29216408729553,356.5287780761719
juego1,facil,80.0,0.008,30171,700,351,343,-8,0,1.6765409708023071,362.3116343021393,356.537109375
juego1,facil,80.0,0.008,30181,700,350,343,-7,0,1.653868317604065,362.3015670776367,356.5373840332031
juego1,facil,80.0,0.008,30191,700,349,343,-6,0,1.6854562759399414,362.3202769756317,356.5384826660156
juego1,facil,80.0,0.008,30201,700,349,343,-6,0,1.7605355978012085,362.3646626472473,356.5400390625
juego1,facil,80.0,0.008,30211,700,348,343,-5,0,1.8255994319915771,362.40220880508423,356.5553894042969
juego1,facil,80.0,0.008,30221,700,347,343,-4,0,1.8365663290023804,362.4064955711365,356.5652770996094
juego1,facil,80.0,0.008,30231,700,347,343,-4,0,1.8504350185394287,362.399222612381,356.5662841796875
juego1,facil,80.0,0.008,30241,700,346,343,-3,0,1.8909132480621338,362.39188623428345,356.5679016113281
juego1,facil,80.0,0.008,30251,700,345,343,-2,0,1.9506548643112183,362.3856472969055,356.5698547363281
